        0.0000000000000000       10.0000000000000000
        0.0000000000000000      -10.0000000000000000
       60.0000000000000000       10.0000000000000000
       60.0000000000000000      -10.0000000000000000
        5.6501042335686469      -10.0000000000000000
        0.0000000000000000       -3.3262176557705363
        0.0000000000000000        3.3564162949066021
        5.8389700324161380       10.0000000000000000
       11.8138137975575308      -10.0000000000000000
        7.9867398258808855       -3.2346296850448533
        6.4746880054831148        3.2421583087710228
       11.8568069591559890       10.0000000000000000
       17.9839617691342397      -10.0000000000000000
       15.7056036211786392       -3.2608239009904043
       13.2894863902914242        3.1903745211744359
       18.1792190157357005       10.0000000000000000
       23.7941149865967922      -10.0000000000000000
       23.2684550105132075       -3.3577201770011698
       20.3249471421192567        3.2030302773866817
       24.7751066190473423       10.0000000000000000
       29.4586865904119151      -10.0000000000000000
       30.7074729268983795       -3.2748108520292698
       27.3720679109424090        3.2442005082896266
       31.5661255935993559       10.0000000000000000
       35.4834196461326670      -10.0000000000000000
       37.9884018983711229       -3.2236067180168937
       34.4188662029207109        3.3328348202751323
       38.5187536993540292       10.0000000000000000
       41.7604092190547362      -10.0000000000000000
       45.2085156648053399       -3.2498550121449297
       41.3875701475486082        3.3678533656214489
       45.5859881311825887       10.0000000000000000
       48.0903210442964593      -10.0000000000000000
       52.5140962177695343       -3.3343593414146619
       48.1631060971290310        3.3476778619859893
       52.7516274831930687       10.0000000000000000
       54.2787809404214414      -10.0000000000000000
       60.0000000000000000       -3.3821966530908738
       54.5223837719315512        3.2808457664439574
       60.0000000000000000        3.3207507414582316
