            74            91            92
           460           476           477
           507           508           494
           494           508           509
           509           508           527
           527           496           509
           510           496           527
           544           510           527
           544           527           526
           526           527           508
             4           608           594
            37            18            17
            82            61            60
            96           114            97
           373           374           351
           334           335           307
           131           133           117
           132           133           131
           562           563           541
           214           181           197
           379           400           401
           329           330           301
           329           357           358
           358           384           359
           359           329           358
           330           329           359
           331           330           359
           276           258           275
           324           297             6
           507           494           480
           497           496           511
           511           496           510
           393           374           373
           174           175           156
           140           125           139
           249           230           229
           229           211           210
           230           211           229
           249           268           250
           250           230           249
           299           271           298
           565           585           566
           498           486           485
           472           487           488
           486           487           472
           544           526           543
           605           606           592
           600           601           581
           607           593           592
           607           594           593
           592           606           607
           607           606             4
             4           594           607
            76            77            55
           146           145           163
           163           145           144
            94            76            75
            77            76            94
            78            77            96
            55            77            78
            81            80            98
           183           165           182
            63            42            41
           142           160           161
           161           143           142
           144           143           161
           482           496           497
           116           131           117
           115           131           116
           150           168           169
           285           284           312
           312           313           285
           286           285           314
           284           285           286
           312           284           283
           311           313           312
           309           281           308
           338           281           309
           134           120           119
           108           122           123
            91           105           106
           106           108           107
           122           108           106
           106           107            92
            92            91           106
           152           135           151
           134           135           136
           135           152           136
            72            54            53
           101           116           117
           130           131           115
           308           281           280
           280           281           282
           263           280           282
           262           280           263
           305           334           306
           334           307           306
           505           504           521
           584           560           583
           559           560           539
           538           559           539
           537           559           538
           539           560           561
           560           584           561
           562           541           561
           561           584           562
           539           561           540
           540           561           541
           233           214           197
           181           214           198
           257           240           239
           258           240           257
           459           441           440
           553           552           570
           570           552           569
           569           589           570
           381           404           382
           358           357           382
           356           381           382
           382           357           356
           383           384           358
           358           382           383
           383           382           404
           421           422           401
           440           441           421
           421           441           442
           442           422           421
           403           404           381
           424           404           403
           380           381           356
           402           379           401
           401           422           402
           381           380           402
           402           380           379
           402           403           381
           422           403           402
           476           460           443
           331           332           303
           303           330           331
           353           354           325
           297           324           325
           353           325           352
           352           325           324
           485           486           470
           246           226           245
           227           226           247
           247           226           246
           323           351             1
           373           351           323
           374           393           394
           392           411           412
           413           394           412
           412           394           393
           410           411           392
           293           265           292
           372           371           392
           392           412           372
           372           412           393
           372           393           373
           156           175           158
           158           175           193
           193           176           158
           109           125           111
           111           110           109
           141           125           140
           141           160           142
           124           125           109
           124           139           125
           192           174           210
           210           211           192
           175           174           192
           193           175           192
           296           250           268
           296           268             6
             6           297           296
           326           299           298
           298           297           326
           297           325           326
           326           325           354
           514           512           513
           571           572           553
           553           570           571
           571           570           589
           588           602           603
           588           589           569
           567           566           585
           477           476           490
           490           491           477
           503           491           519
           580           557           556
            95            94           112
           112           113            95
            96            77            95
            77            94            95
            95           114            96
            95           113           114
           128           113           143
           144           145           128
           128           143           144
            79            78            96
            79            98            80
            96            97            79
            97            98            79
            55            78            56
            18            37            19
            22             9             8
             8            20            22
            20            19            39
           162           179           180
           144           161           162
           180           163           162
           162           163           144
           178           161           160
           178           162           161
           179           162           178
           483           467           449
           115            99           129
           147           130           129
           129           130           115
            13            26            14
            64            44            25
           227           209           190
           190           209           191
           168           150           149
           131           130           149
           132           131           149
           149           150           132
           287           286           314
           205           204           224
           282           281           310
           310           283           282
           310           281           338
           338           311           310
           312           283           310
           310           311           312
           446           428           427
           340           311           338
           338           339           340
           313           311           340
           366           339           338
           338           309           366
           308           307           336
           336           309           308
           336           307           335
           335           365           336
           121           105           120
           121           106           105
           121           120           134
           134           136           121
           122           106           121
           121           136           122
           137           138           123
           123           122           137
           122           136           137
           137           136           152
           151           170           153
           153           152           151
           153           170           171
            32            51            33
            52            51            70
            52            72            53
            53            33            52
            52            33            51
            74            54            73
            54            72            73
            91            74            73
            71            70            87
            71            52            70
            72            52            71
            45            25            44
           118           101           117
           117           133           118
           167           185           186
           186           185           203
           203           222           186
           186           222           204
           184           202           203
           203           185           184
           184           185           166
           167           168           148
           148           130           147
           168           149           148
           148           149           130
           147           166           148
           148           185           167
           166           185           148
           224           204           223
           204           222           223
           308           280           279
           279           280           262
           279           307           308
           279           306           307
           305           306           277
           525           508           507
           507           506           525
           525           526           508
           560           559           582
           581           601           582
           582           601           583
           583           560           582
           522           540           523
           522           538           539
           539           540           522
           217           218           201
           253           235           234
           164           163           180
           180           181           164
           181           198           164
           164           198           182
           146           163           164
           164           165           146
           182           165           164
           274           257           256
           274           275           258
           258           257           274
           423           422           442
           423           403           422
           424           403           423
           446           427           462
           462           427           445
           460           445           444
           444           443           460
           425           443           444
           405           404           424
           405           383           404
           384           383           405
           405           385           384
           384           385           360
           331           359           360
           360           359           384
           275           303           304
           305           277           304
           304           332           305
           304           303           332
           276           275           304
           304           277           276
           353           352           375
           375           376           353
           395           376           375
           377           354           353
           353           376           377
           355           354           377
           377           378           355
           418           419           399
           396           395           414
           396           376           395
           453           454           436
           401           400           420
           420           419           440
           400           399           420
           420           399           419
           420           421           401
           440           421           420
           440           419           439
           458           459           439
           439           459           440
           435           451           452
           452           453           435
           452           451           469
           469           470           452
           485           470           469
           314           285           342
           342           285           313
           342           313           341
           341           368           342
           225           245           226
           228           247           248
           228           209           227
           227           247           228
           267           248           266
           248           247           266
           266           247           246
           246           265           266
           322           323             1
             1           295           322
           293           292           321
           246           245           264
           264           265           246
           264           292           265
           291           292           264
           264           290           291
           449           467           468
           468           431           449
           450           431           468
           411           410           430
           432           450           413
           432           431           450
           413           412           432
           432           412           411
           411           430           432
           432           430           431
           392           371           391
           391           410           392
           140           139           157
           157           158           140
           156           158           157
           140           158           159
           159           158           176
           159           141           140
           160           141           159
           110           111            93
            75           110            93
            93            94            75
           112            94            93
           126           111           125
           126           141           142
           125           141           126
           250           296           269
           269           297           298
           269           296           297
           299           326           327
           327           354           355
           327           326           354
           472           454           471
           486           472           471
           471           470           486
           454           453           471
           452           470           471
           471           453           452
           487           514           500
           500           514           515
           488           487           500
           500           489           488
           529           545           546
           512           514           499
           499           514           487
           499           498           512
           486           498           499
           499           487           486
           592           593           573
           572           571           573
           574           572           573
           573           593           574
           591           605           592
           591           604           605
           592           573           591
           591           573           571
           591           571           589
           569           552           568
           552           551           568
           586           567           585
           519           491           502
           491           490           502
           502           518           519
           558           557           580
           558           580           581
           558           559           537
           537           557           558
           581           582           558
           558           582           559
           504           505           493
           493           503           504
           493           505           479
           479           478           493
           609           594           608
           609           595           594
           608           610           609
           519           518           534
            60            37            36
            36            37            17
            57            56            78
            80            58            57
            57            58            34
            34            56            57
            57            79            80
            78            79            57
            18            19             7
             7            19            20
            20             8             7
            20            39            21
            22            20            21
            38            19            37
            38            39            19
            38            37            60
            60            61            38
            61            62            38
           197           181           196
           196           181           180
           180           179           196
           194           213           195
           194           176           193
           195           176           194
           467           483           484
           484           482           497
           484           483           482
            12            13             5
            26            13            12
            12            45            26
            25            45            12
            22            21            23
            23            21            41
           208           190           207
           208           225           226
           208           226           227
           227           190           208
           208           207           206
           206           225           208
           171           207           189
           207           190           189
           189           191           173
           189           190           191
           171           170           188
           206           207           188
           188           207           171
           341           313           367
           313           340           367
           367           340           339
           337           366           309
           309           336           337
           337           365           390
           337           336           365
           154           155           138
           138           137           154
           154           137           152
           152           153           154
            90           105            91
            91            73            90
            70            51            50
           167           186           187
           187           205           169
           204           205           187
           187           186           204
           169           168           187
           187           168           167
           259           258           276
           259           240           258
           203           202           221
           221           222           203
           262           263           244
           224           223           244
           262           244           261
           261           244           223
           526           525           542
           542           543           526
           542           541           563
           563           543           542
           357           329           328
           328           329           301
           301           300           328
           216           201           200
           216           217           201
           235           217           216
           219           218           237
           218           217           237
           273           274           256
           273           300           301
           256           272           273
           272           300           273
           275           274           302
           302           303           275
           302           273           301
           274           273           302
           301           330           302
           330           303           302
           446           462           463
           463           462           478
           463           478           479
           478           462           461
           461           460           477
           461           445           460
           461           462           445
           361           332           331
           331           360           361
           378           377           397
           397           396           415
           397           377           376
           376           396           397
           415           417           398
           378           397           398
           398           397           415
           438           439           419
           438           419           418
           418           437           438
           416           435           453
           416           417           415
           416           453           436
           436           417           416
           451           435           433
           415           396           434
           434           416           415
           435           416           434
           434           433           435
           434           396           414
           414           433           434
           289           288           317
           294           295           267
           267           266           294
           294           322           295
           293           322           294
           294           265           293
           294           266           265
           293           321           350
           350           322           293
           323           322           350
           291           290           318
           318           290           289
           289           317           318
           429           430           410
           449           431           448
           431           430           448
           448           429           447
           430           429           448
           177           159           176
           177           176           195
           160           159           177
           142           143           127
           127           126           142
           127           113           112
           143           113           127
           111           126           127
           112            93           127
           127            93           111
           250           269           270
           271           252           270
           298           271           270
           270           269           298
           516           489           501
           489           500           501
           501           500           515
           528           529           515
           545           529           528
           513           545           528
           528           514           513
           515           514           528
           531           532           517
           590           591           589
           604           591           590
           603           604           590
           590           588           603
           589           588           590
           587           568           567
           602           588           587
           587           588           569
           569           568           587
           587           586           602
           567           586           587
           566           567           550
           567           568           550
           550           551           533
           550           568           551
           492           493           478
           477           491           492
           491           503           492
           503           493           492
           492           461           477
           478           461           492
           595           576           575
           593           594           575
           594           595           575
           574           593           575
           575           576           574
           554           576           577
           577           576           595
           554           577           578
           578           577           597
           580           556           579
           556           578           579
           579           578           597
           521           504           536
           536           537           521
           536           557           537
            60            36            59
            59            36            58
            59            58            80
            59            82            60
            81            82            59
            59            80            81
            35            36            17
            34            58            35
            58            36            35
            40            21            39
            40            62            63
            63            41            40
            41            21            40
            40            38            62
            39            38            40
           232           213           231
           231           211           230
           465           464           481
           482           483           465
            10             9            22
            22            23            10
            10            11             9
           445           427           426
           426           444           445
           425           444           426
           155           154           172
           173           155           172
           172           189           173
           171           189           172
           172           153           171
           172           154           153
           105            90           104
           120           105           104
           104           119           120
           104           103           119
            88            71            87
            72            71            89
            71            88            89
            89            88           103
            89           104            90
           103           104            89
            89            73            72
            89            90            73
            87            70            69
            70            50            69
            31            51            32
            31            50            51
            15            14            28
            14            26            28
            29            47            48
            29            28            47
            29            16            15
            15            28            29
            83            85            84
           239           240           220
           243           221           242
           242           261           243
           243           261           223
           243           223           222
           222           221           243
           260           261           242
           276           277           260
           260           259           276
           242           259           260
           524           542           525
           523           540           524
           524           540           541
           541           542           524
           524           506           523
           524           525           506
           235           216           215
           215           234           235
           214           233           215
           233           234           215
           255           272           256
           255           254           272
           238           239           219
           219           237           238
           238           257           239
           256           257           238
           238           255           256
           237           255           238
           236           217           235
           236           237           217
           236           255           237
           254           255           236
           236           235           253
           253           254           236
           332           361           333
           333           334           305
           305           332           333
           333           335           334
           455           454           473
           473           472           488
           473           454           472
           439           438           457
           457           475           458
           458           439           457
           316           317           288
           316           287           314
           316           288           287
           373           323           349
           323           350           349
           349           372           373
           371           372           349
           349           348           371
           349           350           321
           321           348           349
           371           348           347
           347           391           371
           291           318           320
           320           348           321
           320           292           291
           320           321           292
           230           250           251
           250           270           251
           251           231           230
           251           270           252
           251           252           232
           232           231           251
           530           517           516
           530           531           517
           516           501           530
           530           501           515
           515           529           530
           565           566           548
           548           564           565
           532           531           549
           533           532           549
           549           550           533
           531           548           549
           566           550           549
           549           548           566
           597           577           596
           596           609           610
           595           609           596
           596           577           595
           555           534           518
           535           578           556
           534           555           535
           535           555           578
           535           556           557
           557           536           535
           580           579           599
           581           580           599
           599           600           581
             2           600           599
           520           536           504
           519           534           520
           534           535           520
           520           535           536
           520           503           519
           504           503           520
           213           194           212
           212           231           213
           193           192           212
           212           194           193
           212           192           211
           211           231           212
           495           465           481
           495           494           509
           482           465           495
           495           480           494
           495           481           480
           509           496           495
           496           482           495
           464           465           466
           447           464           466
           466           448           447
           466           465           483
           466           483           449
           449           448           466
            11            10            24
             5            11            24
            24            12             5
            25            12            24
            24            10            23
           408           407           425
           425           426           408
           364           389           390
           390           365           364
           388           408           409
           409           408           426
           409           364           388
           389           364           409
           409           426           427
           409           427           428
           428           389           409
            68            69            50
            26            45            27
            27            28            26
            45            46            27
            47            28            27
            27            46            47
            16            29            30
            30            29            48
            84            85            66
            66            46            84
            48            47            66
            47            46            66
           116           101           100
           101            85           100
            85            83           100
           100            83            99
           100            99           115
           115           116           100
            65            45            44
            65            46            45
           241           221           202
           242           221           241
           241           259           242
           240           259           241
           241           220           240
           262           261           278
           261           260           278
           278           279           262
           306           279           278
           278           277           306
           278           260           277
           199           215           216
           182           198           199
           199           198           214
           214           215           199
           199           183           182
           200           183           199
           199           216           200
           386           360           385
           385           406           386
           386           361           360
           456           457           438
           455           473           456
           456           437           455
           456           438           437
           474           489           475
           475           457           474
           488           489           474
           474           473           488
           474           456           473
           457           456           474
           315           343           369
           314           342           315
           315           316           314
           315           342           368
           368           343           315
           369           345           344
           344           315           369
           317           316           344
           316           315           344
           547           548           531
           547           530           529
           531           530           547
           547           529           546
           546           564           547
           564           548           547
           597           596           611
           610           612           611
           611           596           610
           598           599           579
           613             2           598
             2           599           598
           598           612           613
           598           611           612
           598           579           597
           597           611           598
            25            24            43
            43            24            23
            64            25            43
            43            42            64
            43            41            42
            43            23            41
           388           364           363
           335           333           363
           363           365           335
           363           364           365
            86           102            69
            69            68            86
           101           118            86
           118           102            86
            86            85           101
            16            30             3
             3            30            31
             3            31            32
            49            68            50
            50            31            49
            31            30            49
            48            68            49
            49            30            48
            67            66            85
            85            86            67
            67            86            68
            67            68            48
            48            66            67
           319           320           318
           370           347           319
           319           347           348
           348           320           319
           361           386           362
           362           333           361
           362           363           333
           388           363           362
           346           344           345
           346           345           370
           370           319           346
           346           319           318
           346           318           317
           317           344           346
           387           362           386
           387           386           406
           387           408           388
           388           362           387
           387           406           407
           407           408           387
