             6            11             7            41            42            43
            10            11             6            44            41            45
            15            11            10            46            44            47
            12            11            15            48            46            49
            15            16            12            50            51            49
            23            24            20            52            53            54
            19            16            15            55            50            56
            19            20            16            57            58            55
            23            20            19            54            57            59
            27            24            23            60            52            61
             5             6             2            62            63            64
             5            10             6            65            45            62
            15            10            14            47            66            67
            14            19            15            68            56            67
            11            12             8            48            69            70
             1             7             8            71            72            73
             8             7            11            72            42            70
            39            40             3            74            75            76
            22            27            23            77            61            78
            24            27            28            60            79            80
            31            28            27            81            79            82
            32            28            31            83            81            84
            35            32            31            85            84            86
            19            14            18            68            87            88
            23            19            18            59            88            89
            18            22            23            90            78            89
            10             5             9            65            91            92
             9            14            10            93            66            92
            36            39             3            94            76            95
            36            32            35            96            85            97
            35            39            36            98            94            97
            40            39            38            74            99           100
            29            33            30           101           102           103
            35            31            30            86           104           105
            14             9            13            93           106           107
            17            18            13           108           109           110
            13            18            14           109            87           107
             4            38            37           111           112           113
            21            25            22           114           115           116
            21            18            17           117           108           118
            22            18            21            90           117           116
            26            25            29           119           120           121
            29            30            26           103           122           121
            22            25            26           115           119           123
            26            30            31           122           104           124
            27            22            26            77           123           125
            26            31            27           124            82           125
            33            37            34           126           127           128
            34            30            33           129           102           128
            34            39            35           130            98           131
            35            30            34           105           129           131
            34            38            39           132            99           130
            34            37            38           127           112           132
