        0.000000       10.000000
        0.000000      -10.000000
       60.000000       10.000000
       60.000000      -10.000000
        5.650104      -10.000000
        0.000000       -3.326218
        0.000000        3.356416
        5.838970       10.000000
       11.813814      -10.000000
        7.986740       -3.234630
        6.474688        3.242158
       11.856807       10.000000
       17.983962      -10.000000
       15.705604       -3.260824
       13.289486        3.190375
       18.179219       10.000000
       23.794115      -10.000000
       23.268455       -3.357720
       20.324947        3.203030
       24.775107       10.000000
       29.458687      -10.000000
       30.707473       -3.274811
       27.372068        3.244201
       31.566126       10.000000
       35.483420      -10.000000
       37.988402       -3.223607
       34.418866        3.332835
       38.518754       10.000000
       41.760409      -10.000000
       45.208516       -3.249855
       41.387570        3.367853
       45.585988       10.000000
       48.090321      -10.000000
       52.514096       -3.334359
       48.163106        3.347678
       52.751627       10.000000
       54.278781      -10.000000
       60.000000       -3.382197
       54.522384        3.280846
       60.000000        3.320751
        3.237344       -0.042030
        3.237344        3.299287
        0.000000        0.015099
        7.230714        0.003764
        3.993370       -3.280424
        9.882087        3.216266
       10.638113       -0.022128
        9.165747        6.621079
       12.573147        6.595187
       15.734353        6.595187
       15.018013       10.000000
       29.469097        6.622100
       28.170616       10.000000
       26.073587        6.622100
       19.252083        6.601515
       16.807217        3.196702
       22.550027        6.601515
       21.477163       10.000000
       23.848508        3.223615
       32.992496        6.666417
       30.895467        3.288518
        2.825052       -6.663109
        0.000000       -6.663109
        2.825052      -10.000000
        6.818422       -6.617315
       11.846172       -3.247727
       14.497545       -0.035225
       18.015275       -0.028897
        8.847888       10.000000
        6.156829        6.621079
        0.000000        6.678208
        2.919485        6.678208
        2.919485       10.000000
       57.261192        3.300798
       60.000000        6.660375
       57.261192        6.640423
       32.563170        0.029012
       29.039770       -0.015305
       36.468810        6.666417
       35.042440       10.000000
       39.953162        6.683927
       37.903218        3.350344
       42.052371       10.000000
       43.486779        6.683927
       46.874547        6.673839
       44.775338        3.357766
       19.487029       -3.309272
       21.796701       -0.077345
       25.320261       -0.056760
       26.987964       -3.316266
        8.731959      -10.000000
        9.900277       -6.617315
       13.759709       -6.630412
       53.637006        6.640423
       56.375814       10.000000
       49.168808       10.000000
       50.457367        6.673839
       51.342745        3.314262
       57.261192       -0.050675
       60.000000       -0.030723
       44.925365      -10.000000
       46.649418       -6.624928
       43.484462       -6.624928
       43.298043        0.058999
       46.685811        0.048911
       14.898888      -10.000000
       16.844783       -6.630412
       23.531285       -6.678860
       20.626208       -6.678860
       20.889038      -10.000000
       60.000000       -6.691098
       57.139390       -6.691098
       57.139390      -10.000000
       32.471053      -10.000000
       33.095446       -6.637405
       30.083080       -6.637405
       26.363571       -6.678860
       26.626401      -10.000000
       36.735911       -6.611803
       38.621914      -10.000000
       39.874406       -6.611803
       41.598459       -3.236731
       34.347937       -3.249209
       39.687986        0.072123
       36.203634        0.054614
       51.184551      -10.000000
       53.396439       -6.667180
       50.302209       -6.667180
       48.861306       -3.292107
       53.518240       -0.026757
       50.338601        0.006659
       56.257048       -3.358278
