        0.0000000000000000        0.5000000000000000
        0.4755000000000000        0.1545000000000000
       -0.4755000000000000        0.1545000000000000
        0.5000000000000000        0.0000000000000000
       -0.5000000000000000        0.0000000000000000
        0.0000000000000000       -0.5000000000000000
       -0.4813291558980065       -0.1353596835713250
       -0.4897371860142535       -0.1007843660039996
       -0.4955637421119563       -0.0664573383420550
       -0.4737855487871998       -0.0442532614969329
       -0.4990597754478608       -0.0306486531706712
       -0.4658521937452392        0.0132396575237136
       -0.4990948372778863        0.0300723075539762
       -0.4961611797849089        0.0618391742672198
       -0.4910053418997995        0.0944126816410400
       -0.4841781892446012        0.1247857404244640
       -0.4596639592563095       -0.1967461426219506
       -0.4710724493110735       -0.1676029446158664
       -0.4484673510009727       -0.1452588724403269
       -0.4608149130678748       -0.1119578226012237
       -0.4385716264405375       -0.0874694049602043
       -0.4666621998500072       -0.0780730611840534
       -0.4469414214822354       -0.0513933746189985
       -0.4643808963902383       -0.0161959783363259
       -0.4330529323224768        0.0009236518708686
       -0.4682862782444446        0.0416767156443378
       -0.4421065000841456        0.0572455215677986
       -0.4662842949775830        0.0757138961014234
       -0.4571712883875276        0.1062835229265871
       -0.4498548139288451        0.1339680245535909
       -0.4451891747416329        0.1678885234673342
       -0.4621725606757541        0.1907787312038985
       -0.4474697131122534        0.2230938262512384
       -0.4308388316906931       -0.2537280057593886
       -0.4461456382943340       -0.2257300814054707
       -0.4232843023063574       -0.1977054725229161
       -0.4334779038724419       -0.1697080539111001
       -0.4090704859851613       -0.1404095348143082
       -0.4317894844058571       -0.1218671060189699
       -0.4109019734225419       -0.1021372072544517
       -0.4196816797666810       -0.0646495968296575
       -0.3975009981805885       -0.0446425431229757
       -0.4294973768730538       -0.0287858437678935
       -0.3996978839043452        0.0155435425443582
       -0.4314447065652431        0.0304408272230706
       -0.4135301541620479        0.0650839715838293
       -0.4330629587727298        0.0892303952482753
       -0.4190057070584235        0.1152525054747924
       -0.4219463289122496        0.1461856874544656
       -0.4108026341431769        0.1735535161008156
       -0.4278535138985313        0.1984984473787443
       -0.4103843559115087        0.2246785017943718
       -0.4316465444286872        0.2523514624540428
       -0.4147151863172359        0.2793050553976656
       -0.3953791435299106       -0.3060642614263160
       -0.4138480104709276       -0.2805883532916068
       -0.3939723262352373       -0.2506474867713963
       -0.4094428594731175       -0.2246656841885048
       -0.3867709625505025       -0.1963099682646586
       -0.3988413848025134       -0.1690445773400918
       -0.3742570746903173       -0.1411794667068401
       -0.3837571935680434       -0.1128291471388161
       -0.3921955106395438       -0.0786300298425145
       -0.3997547765489137       -0.0140042455555804
       -0.3973596359230631        0.0458837632489974
       -0.3967432634064973        0.0907585802168889
       -0.3806732684161816        0.1135688008220156
       -0.3932329296577661        0.1390192009750591
       -0.3805562795665118        0.1647170984863984
       -0.3899353557290709        0.1971206946522784
       -0.3721872318894086        0.2196673372026542
       -0.3930569604234818        0.2491157223437059
       -0.3821680764170264        0.2771427956120769
       -0.3944280011660949        0.3072890371571002
       -0.3529325077018626       -0.3541731851513252
       -0.3753831194355057       -0.3302839894788634
       -0.3589388066307159       -0.2982805887901569
       -0.3767505417712145       -0.2751545689086949
       -0.3558357690292681       -0.2473154629043799
       -0.3721529038396688       -0.2223748999995059
       -0.3495825191616384       -0.1944018066404742
       -0.3628574689054029       -0.1683284213448446
       -0.3466919954956059        0.0600739466654729
       -0.3756919826388862        0.0694966136998767
       -0.3565804512755728        0.0967446566242990
       -0.3575764177899459        0.1364243379362033
       -0.3547497188446074        0.1848043208247257
       -0.3383880805561608        0.2132920693652253
       -0.3562535910548056        0.2461324869004027
       -0.3548757591042344        0.2775575412334931
       -0.3601131006982225        0.3085223555961143
       -0.3723747240657844        0.3336720918538005
       -0.3186068972136425       -0.3484360750793347
       -0.3416461687501972       -0.3227582687062470
       -0.3214113684390492       -0.2938764376083527
       -0.3374669922754754       -0.2704037724723410
       -0.3166013081774789       -0.2444659725633424
       -0.3342386373962657       -0.2197374193613786
       -0.3158951756688826        0.0500674533094753
       -0.3275516006710997        0.0839247979590418
       -0.3330835696795660        0.1211443373788764
       -0.3476499374407490        0.1655314233172503
       -0.3204068161598289        0.2394566186733277
       -0.3275227384850085        0.2694714107079712
       -0.3300494845196232        0.3030902821371488
       -0.3325724324943907        0.3350071884477456
       -0.3517355374257038        0.3553619446884517
       -0.3302869601943773        0.3753805055438034
       -0.3036724533014875       -0.3972191351101839
       -0.3285018914764924       -0.3769436385766274
       -0.2939361229078464       -0.3675465608390210
       -0.3082907591793911       -0.3227744055172043
       -0.2871458741013456       -0.3005512059179304
       -0.2959795036191837       -0.2690652964330225
       -0.2921221706416699        0.0733959645710350
       -0.3041568194545526        0.1005993962565778
       -0.3025437704233200        0.1288988701380571
       -0.3172113080797380        0.1556413131232557
       -0.2974108242040184        0.2674823395747659
       -0.3005579498388102        0.2957558202909908
       -0.3007262509220354        0.3243427006157052
       -0.3044719717701299        0.3567428139299827
       -0.3064621521711613        0.3950708153798174
       -0.2791161482738879       -0.4148423504639572
       -0.2651830526786653       -0.3923056797554981
       -0.2649079290675998       -0.3614286621256505
       -0.2803734361709855       -0.3346869307942802
       -0.2651193861312870       -0.2798404491323270
       -0.2846668194426287        0.0399207452701204
       -0.2626058853618914        0.0681339608362351
       -0.2729687097804331        0.1063369004027037
       -0.2505913966070202        0.1339951916954480
       -0.2803867166984979        0.1436762780957014
       -0.2706710492223266        0.2945117707351608
       -0.2471587134413699        0.3145036890155993
       -0.2740283007118648        0.3343569621475647
       -0.2786633396575094        0.3737464380821504
       -0.2814987440710028        0.4132293033135545
       -0.2542590994857260       -0.4305256210319720
       -0.2327979313711946       -0.4088338068531518
       -0.2364819397260682       -0.3764451279991995
       -0.2434582027660351       -0.3410047741396093
       -0.2548260240552834       -0.3125775557220944
       -0.2320496962895398       -0.2912471447818292
       -0.2486844013577718       -0.2572196330815238
       -0.2321264269884091       -0.2344295365519509
       -0.2548981335351826        0.0302483129170189
       -0.2339738123368706        0.0566821262812318
       -0.2447386404957903        0.0957394583600750
       -0.2216213301348331        0.1245822465270731
       -0.2231440316575291        0.3319740068161979
       -0.2507089334921215        0.3536833573718250
       -0.2257438079285537        0.3705036312849582
       -0.2534958157029664        0.3923543636781099
       -0.2544517087293544        0.4304118118712100
       -0.1994759824545490       -0.4584859131153826
       -0.2270063451848263       -0.4454976085323290
       -0.2014431049445131       -0.4201562679049263
       -0.2056626281000203       -0.3862041246691630
       -0.2137181950036366       -0.3545479727409823
       -0.2178987260731785       -0.3223483279437400
       -0.1972916323021727       -0.3022523803404531
       -0.2149001610956204       -0.2677869618218089
       -0.1965057173603106       -0.2445478949673270
       -0.2157022643990405       -0.2118236159062502
       -0.2237200575745083        0.0201179419510996
       -0.2060729152733708        0.0633552171165595
       -0.2165109284848712        0.0913971471494278
       -0.1908356950049359        0.1145793872603483
       -0.1984691695119358        0.3472894884001147
       -0.1995944655690772        0.3853128672852560
       -0.2266080624339405        0.4085752547244062
       -0.2259041250323203        0.4460575369383117
       -0.1666793118211630       -0.4714000496240182
       -0.1774982706799461       -0.4409639558878650
       -0.1772601456779529       -0.3914868814559983
       -0.1812930438330009       -0.3565569128620285
       -0.1841904378213310       -0.3385814694920209
       -0.1646719247465331       -0.3117165408424699
       -0.1814097098182463       -0.2776543418314394
       -0.1603672347354212       -0.2569580611329639
       -0.1871542915392810       -0.2128474663304601
       -0.1959363732228703       -0.1846182005794078
       -0.1863153805419006        0.0079644256069874
       -0.1998048349698283        0.0351278288301850
       -0.1730697713671926        0.0530874621805434
       -0.1823204374431013        0.0839681399441691
       -0.1730942036993768        0.3606083702253099
       -0.1987167043698506        0.4229661604200903
       -0.1699415428313341        0.4354016875865318
       -0.1961150516468019        0.4599335672232976
       -0.1439883247395880       -0.4476897566590743
       -0.1626342349361740       -0.4180717238281285
       -0.1409524500484748       -0.3968044406230833
       -0.1501031234855529       -0.3707681926612781
       -0.1463407162901532       -0.2864857968923615
       -0.1270117196661630       -0.2598817155366495
       -0.1655885020850253       -0.2291731622352707
       -0.1600973360034508       -0.1946392838392119
       -0.1793551972476700       -0.1617961699021601
       -0.1622769508884356       -0.1382899804977844
       -0.1494608118737119       -0.0040103495991707
       -0.1621120839080717        0.0251382825597037
       -0.1486676271812570        0.0737408790693176
       -0.1582329550855593        0.1039861148934235
       -0.1470419856168109        0.3719928151856047
       -0.1725955100146718        0.3982267252754303
       -0.1448686871013792        0.4091659741659035
       -0.1653396826909647        0.4718715813495440
       -0.1350202217103403       -0.4814244901219686
       -0.1127141537180218       -0.4541453141576607
       -0.1257478574976695       -0.4210427124039600
       -0.1133679314911531       -0.3835983735766511
       -0.1382558026407391       -0.2269453404012196
       -0.1254000267869438       -0.2004276461794284
       -0.1441850827194985       -0.1695622343622879
       -0.1264686588271114       -0.1459979775106889
       -0.1453036475450270       -0.1149282326265748
       -0.1284250123366366       -0.0916967842594719
       -0.1200203000653716       -0.0349303244813720
       -0.1273249481340165        0.0171123297325061
       -0.1377344783232876        0.0468162741216087
       -0.1107990475943005        0.0680758548153222
       -0.1254088745725384        0.0933209246072280
       -0.1203089999874180        0.3814783670454396
       -0.1165446172405570        0.4180498822451224
       -0.1404780644381308        0.4458301112996409
       -0.1338085768332328        0.4817626645230108
       -0.1034855185503649       -0.4891735354298435
       -0.0835207546352349       -0.4591859568399574
       -0.0975824543346406       -0.4210546790081492
       -0.0831169531749050       -0.3912691810952253
       -0.1079409006720272       -0.2336329851140140
       -0.0903298428462182       -0.2093934434350530
       -0.1079625816106224       -0.1770387082882497
       -0.0904893378274012       -0.1532179375083773
       -0.1089656621318239       -0.1223679518443124
       -0.0924340154428918       -0.0982033042903563
       -0.1114126691190741       -0.0682813026805592
       -0.0907596536499290       -0.0415297976374330
       -0.1120487413208535       -0.0089785154517228
       -0.0903357610148525        0.0163154541339419
       -0.1049748369732871        0.0398855230483966
       -0.0880854453802372        0.0886902154636410
       -0.0928531623592654        0.3890736307755176
       -0.0876203104946522        0.4245898760491936
       -0.1104873351108931        0.4539187840280396
       -0.1018466562910975        0.4895173730086269
       -0.0717624038222603       -0.4948233598138843
       -0.0527295317607806       -0.4634781828867044
       -0.0692009836685867       -0.4286297292167995
       -0.0537267866994477       -0.3963753682153216
       -0.0727436801616511       -0.1851881670511403
       -0.0552009846167659       -0.1610427181025144
       -0.0727097129622989       -0.1293314277634838
       -0.0583344700692416       -0.1035251715977808
       -0.0763803978129197       -0.0718997070559751
       -0.0591034391422576       -0.0414572381387844
       -0.0777543097050567       -0.0123241294763127
       -0.0609209802143762        0.0205563858893930
       -0.0769066137064266        0.0530457659873781
       -0.0553072197341893        0.0774817623315747
       -0.0645053810066927        0.1070703312160078
       -0.0645033117506198        0.3947648955676907
       -0.0594170799696003        0.4321534832434259
       -0.0806427451779008        0.4607683980504027
       -0.0692510508935639        0.4951810697099707
       -0.0395601724165849       -0.4984325357605325
       -0.0206432680582791       -0.4520030389312563
       -0.0395600136193349       -0.4283258474081977
       -0.0224903616276766       -0.3993672292074656
       -0.0376388415970588       -0.1368705019258590
       -0.0287748869942058       -0.0996358605155760
       -0.0443695231578472       -0.0710518344085175
       -0.0275001510709617       -0.0396117883725285
       -0.0455438618781721       -0.0102967725144841
       -0.0273017255354939        0.0163511560481533
       -0.0431427735643555        0.0470397020468796
       -0.0239273925257605        0.0758124917751336
       -0.0344298104550661        0.1087255053071458
       -0.0124024323828855        0.1331067998605008
       -0.0500000000116047        0.1403198439389560
       -0.0500000000158329        0.1756755202227768
       -0.0500000000167123        0.2093023071799876
       -0.0175808243298241        0.2291192031704280
       -0.0500000000112055        0.2407495717699582
       -0.0500000000099361        0.2713840816455668
       -0.0500000000101020        0.3016154976604428
       -0.0500000000088841        0.3315073582575783
       -0.0500000000166335        0.3600481236192818
       -0.0334289239509601        0.3818472745446643
       -0.0338576787482455        0.4113093553361714
       -0.0281187884578990        0.4423327257177061
       -0.0499817619042370        0.4671214081891447
       -0.0354710695172987        0.4987402159851482
       -0.0199352633610124       -0.4790832312911945
        0.0121359117530330       -0.4657337886592771
       -0.0032314734564186       -0.4295850312483482
        0.0085102140360215       -0.3999094601044206
       -0.0111579246459762       -0.1245010069560410
        0.0033662031583145       -0.0927270804145639
       -0.0119212659351863       -0.0667349076604924
        0.0081913649170972       -0.0393691724412512
       -0.0106873850879081       -0.0130257570805818
        0.0068062250846199        0.0124340457978729
       -0.0106985872915850        0.0437240433681714
        0.0085582212991886        0.0694057652120969
       -0.0022931760926712        0.1012104198115010
        0.0215932220866082        0.1236292210045527
       -0.0227039836952128        0.1604327925617468
       -0.0018609644071704        0.1807907520973747
       -0.0218113163740850        0.1986906384456293
        0.0134003932780287        0.2153726102119415
       -0.0166297201424881        0.2591387638027881
        0.0167453017072237        0.2752486287684867
       -0.0166599720122674        0.2894744752098860
       -0.0170771504825200        0.3202812699751808
       -0.0157886595359581        0.3515742973555371
        0.0183491768026904        0.3669290587069740
       -0.0048743941416727        0.3856296669125133
       -0.0016361222353340        0.4172943845145802
       -0.0165361388720561        0.4726058661426051
        0.0179550041783907        0.4713336001966397
        0.0315679810872926       -0.4990024673739035
        0.0438701344880473       -0.4655100451601289
        0.0264444312790004       -0.4334356615186383
        0.0372841316174145       -0.3982585761918847
        0.0147286550238873       -0.1241292339601600
        0.0353489503272561       -0.1004745613099288
        0.0238783497316179       -0.0677999830938416
        0.0432464449043531       -0.0409862062032643
        0.0263513833787137       -0.0115591818734534
        0.0455706092906031        0.0171949935800686
        0.0213820427459907        0.0365522269173321
        0.0396749301225439        0.0564209193852717
        0.0308246833006131        0.0919473567548400
        0.0561671381793207        0.1116702852269170
        0.0160527238483542        0.1542453610634902
        0.0500000000143367        0.1686184313877355
        0.0245888614343513        0.1879222913865500
        0.0500000000060221        0.2257878128452310
        0.0165331696088405        0.2448785909071475
        0.0500000000100764        0.2773174125772151
        0.0163199946866737        0.3059973700591924
        0.0500000000082367        0.3274038440172915
        0.0159920734026840        0.3363488013436574
        0.0500000000062323        0.3813707364922129
        0.0254748933480166        0.4022841432302056
        0.0335238892029423        0.4357123627320930
        0.0042290979281591        0.4455999385947870
        0.0343980501234091        0.4988153707968274
        0.0640763522917034       -0.4958772237335548
        0.0750018626111460       -0.4611544574776120
        0.0559727205584599       -0.4303506568222213
        0.0658616174169484       -0.3945405522941067
        0.0568571592724685       -0.1633222469580080
        0.0396556955621693       -0.1384400253173292
        0.0633420075033600       -0.1054280615782487
        0.0565412604443434       -0.0724929412746793
        0.0770390369727609       -0.0454750296391721
        0.0600123480150151       -0.0132449917496371
        0.0809428353261839        0.0124762714220689
        0.0688356351792523        0.0416439288613226
        0.0932101632436009        0.0645499874623942
        0.0601255724172583        0.0756239332328141
        0.0500000000110746        0.1409938849454476
        0.0500000000168903        0.1997543336857747
        0.0500000000088820        0.2521738800945460
        0.0500000000092046        0.3019822512434923
        0.0500000000111373        0.3537527137184472
        0.0575508572704529        0.4122701863663237
        0.0692326423036238        0.4413312534145893
        0.0479919801085145        0.4664655349914463
        0.0672345497184907        0.4954588929568945
        0.0962880677442359       -0.4906410175934529
        0.1056124421056503       -0.4550761200549668
        0.0855230802750793       -0.4253336198637337
        0.0941822748762354       -0.3887540342847911
        0.0923685717028567       -0.2121995129269517
        0.0745135140843549       -0.1876241344320551
        0.0931572604556020       -0.1561556246437734
        0.0747853004656930       -0.1329657408761085
        0.0951565697988521       -0.1032087586367555
        0.0890795086985853       -0.0754845764412719
        0.1128709347010266       -0.0537136117626265
        0.0922058981145350       -0.0202095118352917
        0.1137494437660655        0.0050494089867107
        0.1053425038054058        0.0369944712481107
        0.1138112242340384        0.0895526195974911
        0.0804819907036428        0.0956433436591164
        0.0840108678290681        0.3910782197794495
        0.0915938822415409        0.4217561264427809
        0.0817540512510610        0.4673791619031269
        0.1024246186190164        0.4893967685691450
        0.1280389423725125       -0.4833280764753854
        0.1354773640464556       -0.4469796713275015
        0.1147255299001760       -0.4183248317623937
        0.1222224382270127       -0.3808696308058189
        0.1284950548087815       -0.2619233511877193
        0.1103658028257987       -0.2369705764632215
        0.1282779147214332       -0.2049303311237435
        0.1105429798929843       -0.1804679957114562
        0.1287879111261344       -0.1483038200992821
        0.1118032738654880       -0.1246569244082531
        0.1248018924862066       -0.0867099876020472
        0.1221086760795221       -0.0267295946481030
        0.1479610547773523       -0.0044976502283832
        0.1376793423039875        0.0259528523288377
        0.1305330012041370        0.0615649562377323
        0.1133926038035460        0.3835910808776628
        0.1185741340958404        0.4182163256276423
        0.1086813916194988        0.4529915160683308
        0.1331693698798475        0.4819397459001350
        0.1590527083018084       -0.4740276742427597
        0.1433697201802079       -0.4091541245818347
        0.1712598842230582       -0.3976099566925536
        0.1502858448374376       -0.3706941661495281
        0.1467515315494579       -0.2870512357056645
        0.1641459969775133       -0.2544580374372374
        0.1461452726479914       -0.2296143416560789
        0.1637971466498265       -0.1970193012532325
        0.1461248695287587       -0.1725349044263395
        0.1623768488847778       -0.1384274782938846
        0.1437709792540255       -0.1128186956498279
        0.1766217431940016        0.0048147719367588
        0.1600470129731068        0.0419107667758443
        0.1624675943426706        0.0757137737779747
        0.1424456921180044        0.0988565222114478
        0.1419683848085823        0.3739585240672078
        0.1442214363535615        0.4087727329984228
        0.1685777138347077        0.4355275553846941
        0.1396563291652665        0.4466688851215760
        0.1890758382288800       -0.4628718263462024
        0.1642602634062964       -0.4368643933463574
        0.1918703048570402       -0.4257654439378297
        0.1791817243806682       -0.3576225799226624
        0.1653127830666934       -0.3125986065572194
        0.1821632954163931       -0.2795300659120885
        0.1994363057745793       -0.2463503383419600
        0.1815937218147230       -0.2216573003802928
        0.1988803681408979       -0.1886702621039685
        0.1807114573902099       -0.1636629018290913
        0.2114414765685030        0.0161283890959661
        0.1869317904751655        0.0331552408849246
        0.1906985547560429        0.0635203499157137
        0.1744492671039783        0.1092551140708873
        0.1693424739094869        0.3623853288887176
        0.1713029331939108        0.3983997324207756
        0.1971751141420658        0.4234717553183906
        0.1643052558386091        0.4722327638040470
        0.2182203522449869       -0.4498665110931472
        0.2194363324840910       -0.4140343565552103
        0.1991401854411996       -0.3876201222171183
        0.2126998474326837       -0.3562840127616008
        0.1846178044882270       -0.3391696890311031
        0.2003201370595361       -0.3049607914947262
        0.2170876545562104       -0.2711116151247392
        0.2348802782251763       -0.2382198874002126
        0.2169310459448424       -0.2135148886878048
        0.2190499270916198        0.0472745382463538
        0.2255528078950928        0.0771198607475698
        0.1981517108682921        0.0921760263348612
        0.2103330040283956        0.1209144470008411
        0.1955990882267358        0.3489140246757287
        0.2240913568675458        0.3709317111509104
        0.1981222400977264        0.3858899566457663
        0.2231207541353071        0.4474562872548538
        0.1942415244897314        0.4607279352981763
        0.2469101964085872       -0.4347819628836133
        0.2499190412134612       -0.4035205033112553
        0.2324535422348367       -0.3801602476837686
        0.2473068322022278       -0.3515222859874121
        0.2222041623505389       -0.3268731541552304
        0.2358176830100042       -0.2949276865013807
        0.2526965332615083       -0.2627418590654838
        0.2443832570830581        0.0268318224180613
        0.2521254855932748        0.0582937559964487
        0.2353025849085446        0.1053703518910789
        0.2474529942134791        0.1329754630056521
        0.2453342570630680        0.3159289513991600
        0.2209854644682646        0.3334147935465122
        0.2511222488262174        0.3927652589967527
        0.2248728274216803        0.4092843606172816
        0.2505036798891491        0.4327215113013638
        0.2770074884953537       -0.4162533503549453
        0.2698076099259111       -0.3794062237463261
        0.2788942663803994       -0.3450163684618715
        0.2571406860623577       -0.3189464807414017
        0.2707262552944393       -0.2875576423567048
        0.2773135698444699        0.0375315296379251
        0.2854990654676426        0.0691606055329480
        0.2610444850573390        0.0887852699345380
        0.2724856386492669        0.1176958999156841
        0.2700583861443520        0.3240866616628116
        0.2496943136663515        0.3544758382100054
        0.2793030621408031        0.3794828804915975
        0.2757443535290400        0.4170911790436330
        0.3022840799146845       -0.3982767069700376
        0.2995761172299779       -0.3669697398116875
        0.2922066561388674       -0.3171738399568426
        0.3037312287506451       -0.2884801444014958
        0.3103297463966597        0.0482591356930936
        0.2965549809417656        0.1002994541436507
        0.3100659680439427        0.1292834431384622
        0.2850884987275311        0.1452039796658803
        0.2954495047536182        0.2696471589093973
        0.2735626446116465        0.2918278249472391
        0.2994067349774406        0.3214262007673595
        0.2810719092283217        0.3514668855497129
        0.3227298380242725        0.3818971737224484
        0.3004934345818920        0.3996294486567387
        0.3292483040108801       -0.3762918465787261
        0.3518794779816577       -0.3552194155180780
        0.3168803061402298       -0.3406354778246118
        0.3267130381310114       -0.3047620873134438
        0.3015055482154279       -0.2628581450157191
        0.3207453146195157       -0.2390030192047414
        0.3438649663257383        0.0591553891619267
        0.3187671506601957        0.0793834061301210
        0.3326082297580597        0.1092235302509984
        0.3228166323843170        0.1574625934138644
        0.3323000605118786        0.2226581908424790
        0.3148913274572298        0.2466646550964525
        0.3337536644593068        0.2764286261762641
        0.3132154368690753        0.2975631460117467
        0.3316675101011168        0.3303972116486490
        0.3100786608176031        0.3555323797338457
        0.3455426183995550       -0.3265285966586442
        0.3611282284839680       -0.2973125207922855
        0.3377527588911981       -0.2714833110446952
        0.3570125693316152       -0.2452216009258704
        0.3380797312083832       -0.2137804840741866
        0.3533638924050883       -0.1874405491543595
        0.3532970389899380        0.0871134084936718
        0.3708965411045522        0.1098240738150837
        0.3478176245186151        0.1359777103716088
        0.3582196781676611        0.1689657402381867
        0.3478199312849617        0.1975380859141958
        0.3686739810440609        0.2284225479596872
        0.3520563131465996        0.2531146742762996
        0.3705148197116070        0.2842472326962606
        0.3506061618332702        0.3072469765855644
        0.3676907124756060        0.3388267107184728
        0.3460380447084191        0.3609122773941956
        0.3764627074000860       -0.3290529290194485
        0.3969092407781764       -0.3040773825753172
        0.3777798824388205       -0.2729102723685896
        0.3954183424133805       -0.2478637314554414
        0.3742638857047104       -0.2186016983436479
        0.3889127693239889       -0.1910262683413028
        0.3666749191264710       -0.1598421210518592
        0.3779936189607420       -0.1308465668258639
        0.3917799095214236       -0.0806752897871954
        0.3954682449510368        0.0600405456495846
        0.3799345322606233        0.0708751016129130
        0.3979453984731444        0.1233452939837720
        0.3790119995704154        0.1465985564495271
        0.3955533643965651        0.1767249183546387
        0.3817693637977537        0.2014761633234827
        0.4039291537498190        0.2331902585123924
        0.3883663896740949        0.2594701875478214
        0.4067326908490146        0.2908066674996604
        0.3877549542074893        0.3156676980651285
        0.4154451080072633       -0.2782181916618685
        0.4325504647830639       -0.2507989138126946
        0.4111787671946059       -0.2210460552751133
        0.4245642452836110       -0.1931601754743158
        0.4010714041963914       -0.1625562161801741
        0.4151888289016191       -0.1360643636136559
        0.3967562497186706       -0.1077707592144374
        0.4228995757156257       -0.0774154781695263
        0.3970353874106560       -0.0486096812908866
        0.4298016845642175       -0.0480685484961502
        0.3997006373795807       -0.0154725731472275
        0.4237658232456641        0.0045327502243009
        0.3992303673008503        0.0248014925431665
        0.4230370784036175        0.0585213344817525
        0.4035104076553942        0.0927364017983624
        0.4277519075568270        0.1201518742287706
        0.4141864064034071        0.1519948553706464
        0.4322780552730396        0.1804967237933125
        0.4176882780692300        0.2069256010549246
        0.4396905478545695        0.2380592819661521
        0.4241598976537745        0.2647421030322092
        0.4479190351895994       -0.2221903190606278
        0.4613176000658171       -0.1928369052030861
        0.4371347000431565       -0.1656331425402478
        0.4491319658091165       -0.1366915459977726
        0.4309619459255420       -0.1061408689134913
        0.4613094112193838       -0.1059215069963725
        0.4576644292887526       -0.0759310538446817
        0.4648300897411740       -0.0473946098591184
        0.4381837856547220       -0.0207695449545172
        0.4608841066057789        0.0080703198799671
        0.4358874362827567        0.0318179012267408
        0.4576770424804435        0.0594785614542997
        0.4346483107903082        0.0882862875782049
        0.4574795427927904        0.1180702685031246
        0.4461794764966853        0.1500117591295270
        0.4653901965251908        0.1827894003218911
        0.4533203478152381        0.2109518001591855
        0.4729042151808830       -0.1623625670122724
        0.4826759188690672       -0.1304758875247525
        0.4906192074499112       -0.0963991341562319
        0.4956095776039892       -0.0661146459399151
        0.4988168049013549       -0.0343772521227649
        0.4720592373100856       -0.0178275183317132
        0.4990922049319067        0.0301159510651025
        0.4719035911561726        0.0348981810070191
        0.4959970046848329        0.0631424669255067
        0.4656623100199773        0.0867381881755153
        0.4908556707708127        0.0951877642951255
        0.4840830916627776        0.1251541491864625
