             6            11             7
            10            11             6
            15            11            10
            12            11            15
            15            16            12
            23            24            20
            19            16            15
            19            20            16
            23            20            19
            27            24            23
             5             6             2
             5            10             6
            15            10            14
            14            19            15
            11            12             8
             1             7             8
             8             7            11
            39            40             3
            22            27            23
            24            27            28
            31            28            27
            32            28            31
            35            32            31
            19            14            18
            23            19            18
            18            22            23
            10             5             9
             9            14            10
            36            39             3
            36            32            35
            35            39            36
            40            39            38
            29            33            30
            35            31            30
            14             9            13
            17            18            13
            13            18            14
             4            38            37
            21            25            22
            21            18            17
            22            18            21
            26            25            29
            29            30            26
            22            25            26
            26            30            31
            27            22            26
            26            31            27
            33            37            34
            34            30            33
            34            39            35
            35            30            34
            34            38            39
            34            37            38
